54,4
54,1
54,3
10,288
10,228
10,126
10,100
10,114
10,144
10,178
10,2
11,21
11,6
11,23
11,17
11,4
11,2
11,3
9,7
9,2
9,3
8,7
8,15
8,12
8,17
8,11
14,1
14,3
13,1
13,3
88,4
88,3
88,2
88,1
88,0
84,5
84,4
84,3
84,2
84,1
84,0
83,5
83,3
83,2
83,1
83,0
54,2
54,0
53,4
53,3
53,2
53,1
53,0
51,3
51,2
51,1
51,0
50,4
50,3
50,2
50,1
50,0
49,4
49,3
49,2
49,1
49,0
44,4
44,3
44,2
44,1
44,0
43,4
43,3
43,2
43,1
43,0
41,5
41,4
41,3
41,2
41,1
41,0
38,5
38,4
38,3
38,2
38,1
24,3
24,1
20,3
20,2
20,1
19,3
19,2
19,1
18,3
18,1
12,3
12,2
12,1
11,30
11,29
11,28
11,27
11,1
11,26
10,312
10,292
10,242
10,184
10,106
10,78
10,14
